11000000110001101001000110000000
10000101111100111000111110011001
11110011001101001001000111100100
11101001111000000101111100000100
11011011001010110010101111000000
10010000111100001010110001110111
00001010101100100011110100110011
01110011001111011011001111010101
01110000000101000011101001100010
01000110110111110011111111011010
11000000100011100101000111110011
11100101010010010000101100101111
00110010111110011000000100100110
11110100111010100100010111110001
01001011110010111010100100000001
10110010111001000110110001000101
11010000111110010101011100010010
00001110110000010010001011001100
10010001110100011101110010110011
00110110100111010111001110000110
01011110101111111001101011101111
01101101000001001101011100100100
11111111100000101000011000111001
00100111000100100100111000001100
10111101001101100000011001010111
00111001110010000110101010101111
11110100111101001110001100101100
10101000101101110000011010101111
01000011101000000101011101100011
00011000111111101010001001001110
10000010000001111011101000000000
10100111100000001101011001110101
10111110011101010110000100101111
00011010111001100011100101000001
01000111010000001101000101011101
01000111111111111011010111100101
01110110110011000011011010000101
01111001011110111010010100000111
00100111101111011111101010010001
10011001100101101000111011101100
10111110110010010011001101100101
11111000010100010110110011001011
10001100010001100101110010110100
10001010101100001100011001001100
10100100111000001101111100111000
11101011010001101100001110011010
01010100010001001001111000101101
11101010000101110011001000100011
11000000110101010000000101001111
11001111000101010010000100011101
01111100111011011111110010000000
10100110100011010000000111000011
00110001011101100001001101001110
10001011101000000011000001001110
00001101001111001100110011111110
11010111101010010011011010100111
00101000010010001010010011101110
01100101101000110101110110100101
10000110011111101011100110101101
01001111001100110100001101011000
00010010111110001001000100100110
10111011010000010001111010001011
11101010100110000111110111101110
01100000010101111100101000110001
00100010011001000101011110111101
11111010000001000010001100001010
00110000010101010110101101111011
11100011101000101010010011010011
10101010001101001011000110001111
00011000010000011000001011011001
11011111111101100011011000101111
01001111010101011001100110101001
01111100010010001101100000111101
10101100101000111110100001110000
00000001000111000010010000010000
00110000000000111000001010100011
11100001000101111001100100010010
00001011010001000001010111100111
00010111100001001100110101000010
01110101111110000111011101000001
01000001110010010010001001111011
10000000001110000100110000101000
01000100101101110110100101111001
10001011010110101001010101101010
01011001011111011010010011010001
00100101100110001011011101101110
11101001001111111111010110011000
01011110111011101110010000001000
01011000011100111101001101101101
01101111101101101100111100110111
01001110000000011100001110111111
01111011010110101000000110000010
01010111010011110010000001100011
10101111100101001101110110101100
10010100011011000111000001111011
00011111000011110000101110100111
10001000111100001101011111101001
10011110011000001101101100101100
01000101010111101101010001100011
00101000001010011000011111101101
01001110101101000110101011111010
10101100001100011101100001100110
00010011110111011110110111111110
00110011100110111000101101000100
00110101100101101110110111111000
00111111100101110011001100001101
11000010000111111110001101001011
00100010001101100001101010010000
01000001001011111001011001000100
01101001101010001110101110111011
10011011011010000100000101100011
10010011110001001110100010100001
10010101011011000011111111010011
00001010011000001001110010010110
00110101001010101110101000001100
01000010010111001010110000011000
00001101101101110011100011000111
01100101001101010111000000000011
11010010000000111011011110111100
00100101111001010001110010010100
10010100110000011101001101010011
00011110111101001010110111100001
10000100111100010011110101100111
11000111101101110100000101010111
10000011000110101111011000101011
11100111111100010101101110101110
10110111011001011100100010011100
11000001011011110110110000101110
10000100011101100111110000011011
10101011011000100111101110011000
00101111100000011010010010010101
00011101110100001110101111101111
00100110111111011101011011111101
00000101010100100110110110111111
10111101000010011001110001110001
11000011000101101101100100101101
10111001101010110111011000011110
10011001001101110100100001101010
01111111011001110111000111110110
01110010111010111111010010111100
11011100111110101011101101010100
01010011100110000110110000011110
11001000011101101100000000000111
10101100100111001010000011100100
00101001011111011110101111110111
00001100001100010101011010001010
10001101001101010000000010101011
11010011100000110111010111001001
00110100001001000111001100111100
11001100111001010101110011100111
11011000011000011010111100001011
10111100010001011110110001010011
11111010011010001010100111101010
00100011011000011000100001100001
01101111101110001010111011001100
00111000101010000110100100100011
10111110111100000001010100000010
10001100010111111111000000010010
10100001000000001001101001110110
10010111000110011011100101100000
11000110100000101110011001101100
10001111100101110000000110101011
10000101010000111110101100000011
00011101010001100101011010100000
00000100010110011100011100110100
10011011010101101000001010100001
00111000001101101110010111000101
00011110101011000011001111110001
01000000001101111101000000110010
00110000100110100110011101011000
11010011010001000000000111110011
00000000110000000000001011111111
01011010011100000100111111110111
01000100110101000010010000110110
10111100010110011011001011000100
01010010110001101100011001011100
00000011110110011010000100101101
01010111000101001111101111011011
00101100000101011110110011101100
11010100001001010000001111110110
00000010011010011101111100100111
00011000100101001010010010011010
00000000000100001100110101100111
01101101001101101111000011110010
00011110111110010101101111010011
01011110011001001100011000010001
11111010110011011101000011100100
01000101001011101000001100100001
01111111100000010011001011011100
10001100110101000000010001010010
11000101101001101010010011111011
10101010011110000001111011010011
11100011001000001111111001100010
11101100001101100110010100000101
01001011011011100011000011111010
01101100001110111011100101001100
11101011001010011101000111111111
00011010000010011000110111111000
11000101101110010000001011000111
00110111101100100010001100101011
00001001011101000100101000111111
00000010101011001000100101100100
10000111000001011110110001011001
00010001100010011100110011100100
10100110110001011111101100010101
00010000110101111011101101110000
10001010101110010110010000000101
10000110101111011000100010010001
01111001111100100100001001101111
10011010010001001101110001011001
00000111111010011101001001011001
00111000100110000010011100001010
10110111001001110110111111001100
11010101101110011100111110001100
01000101110101110010100010100010
01100101110101111010010001001110
00000001101001001110001101011111
10010101000000001011010001001010
00100101101100111011110011000101
00001010011011011001111100010110
10100001101101101010100110000001
01111100111111101001000010100000
01001100011000000010100001101111
00111101010111110100010101001110
00100101110111000001000001001111
00001000100101010101010101101011
00001100011101001011110000110011
10000001011000010001111000000101
10111110110010011010001110101001
11101001110101000100011000110101
11001111111111000100101000001011
10000100100010000011111110110011
01010011111010010101100001011000
10111101000100100111010010000010
01111100100111000011100011101000
00011110100110010010111011011101
01110000000011100011010000010001
11101010100010000010011111001100
10111010010010101000011011000011
10111010111011010011010101110010
11111111111110000101000011011111
11010011100100000100100001100000
10010000000010010110101000101100
00111110111010110011101111001100
11000100101110110001011001001111
00111001011011010001101000101011
01010001010110010100010001111101
01110001011100011110001100001010
10011111110000101101010101111010
11111001111001101110010101110111
11100110011011101110100010101100
00010000001000110100110001000001
10100110000111101010100111011110
10101100110000110101111001100100
10111001100001110001100110111101
00110101011101000111001000110110
00000000000000000000000000000000
00000000000000000000000000000000
00000000000000000000000000000000
00000000000000000000000000000000
00000000000000000000000000000000
00000000000000000000000000000000
00000000000000000000000000000000
00000000000000000000000000000000
00000000000000000000000000000000
00000000000000000000000000000000
00000000000000000000000000000000
00000000000000000000000000000000
00000000000000000000000000000000
00000000000000000000000000000000
00000000000000000000000000000000
00000000000000000000000000000000
00000000000000000000000000000000
00000000000000000000000000000000
00000000000000000000000000000000
00000000000000000000000000000000
00000000000000000000000000000000
00000000000000000000000000000000
00000000000000000000000000000000
00000000000000000000000000000000
00000000000000000000000000000000
00000000000000000000000000000000
00000000000000000000000000000000
00000000000000000000000000000000
00000000000000000000000000000000
00000000000000000000000000000000
00000000000000000000000000000000
00000000000000000000000000000000
00000000000000000000000000000000
00000000000000000000000000000000
00000000000000000000000000000000
00000000000000000000000000000000
00000000000000000000000000000000
00000000000000000000000000000000
00000000000000000000000000000000
00000000000000000000000000000000
00000000000000000000000000000000
00000000000000000000000000000000
00000000000000000000000000000000
00000000000000000000000000000000
00000000000000000000000000000000
00000000000000000000000000000000
00000000000000000000000000000000
00000000000000000000000000000000
00000000000000000000000000000000
00000000000000000000000000000000
00000000000000000000000000000000
00000000000000000000000000000000
00000000000000000000000000000000
00000000000000000000000000000000
00000000000000000000000000000000
00000000000000000000000000000000
00000000000000000000000000000000
00000000000000000000000000000000
00000000000000000000000000000000
00000000000000000000000000000000
00000000000000000000000000000000
00000000000000000000000000000000
00000000000000000000000000000000
00000000000000000000000000000000
00000000000000000000000000000000
00000000000000000000000000000000
00000000000000000000000000000000
00000000000000000000000000000000
00000000000000000000000000000000
00000000000000000000000000000000
00000000000000000000000000000000
00000000000000000000000000000000
00000000000000000000000000000000
00000000000000000000000000000000
00000000000000000000000000000000
00000000000000000000000000000000
00000000000000000000000000000000
00000000000000000000000000000000
00000000000000000000000000000000
00000000000000000000000000000000
00000000000000000000000000000000
00000000000000000000000000000000
00000000000000000000000000000000
00000000000000000000000000000000
00000000000000000000000000000000
00000000000000000000000000000000
00000000000000000000000000000000
00000000000000000000000000000000
00000000000000000000000000000000
00000000000000000000000000000000
00000000000000000000000000000000
00000000000000000000000000000000
00000000000000000000000000000000
00000000000000000000000000000000
00000000000000000000000000000000
00000000000000000000000000000000
00000000000000000000000000000000
00000000000000000000000000000000
00000000000000000000000000000000
00000000000000000000000000000000
00000000000000000000000000000000
00000000000000000000000000000000
00000000000000000000000000000000
00000000000000000000000000000000
00000000000000000000000000000000
00000000000000000000000000000000
00000000000000000000000000000000
00000000000000000000000000000000
00000000000000000000000000000000
00000000000000000000000000000000
00000000000000000000000000000000
00000000000000000000000000000000
00000000000000000000000000000000
00000000000000000000000000000000
00000000000000000000000000000000
00000000000000000000000000000000
00000000000000000000000000000000
00000000000000000000000000000000
00000000000000000000000000000000
00000000000000000000000000000000
00000000000000000000000000000000
00000000000000000000000000000000
00000000000000000000000000000000
00000000000000000000000000000000
00000000000000000000000000000000
00000000000000000000000000000000
00000000000000000000000000000000
00000000000000000000000000000000
00000000000000000000000000000000
00000000000000000000000000000000
00000000000000000000000000000000
00000000000000000000000000000000
00000000000000000000000000000000
00000000000000000000000000000000
00000000000000000000000000000000
00000000000000000000000000000000
00000000000000000000000000000000
00000000000000000000000000000000
00000000000000000000000000000000
00000000000000000000000000000000
00000000000000000000000000000000
00000000000000000000000000000000
00000000000000000000000000000000
00000000000000000000000000000000
00000000000000000000000000000000
00000000000000000000000000000000
00000000000000000000000000000000
00000000000000000000000000000000
00000000000000000000000000000000
00000000000000000000000000000000
00000000000000000000000000000000
00000000000000000000000000000000
00000000000000000000000000000000
00000000000000000000000000000000
00000000000000000000000000000000
00000000000000000000000000000000
00000000000000000000000000000000
00000000000000000000000000000000
00000000000000000000000000000000
00000000000000000000000000000000
00000000000000000000000000000000
00000000000000000000000000000000
00000000000000000000000000000000
00000000000000000000000000000000
00000000000000000000000000000000
00000000000000000000000000000000
00000000000000000000000000000000
00000000000000000000000000000000
00000000000000000000000000000000
00000000000000000000000000000000
00000000000000000000000000000000
00000000000000000000000000000000
00000000000000000000000000000000
00000000000000000000000000000000
00000000000000000000000000000000
00000000000000000000000000000000
00000000000000000000000000000000
00000000000000000000000000000000
00000000000000000000000000000000
00000000000000000000000000000000
00000000000000000000000000000000
00000000000000000000000000000000
00000000000000000000000000000000
00000000000000000000000000000000
00000000000000000000000000000000
00000000000000000000000000000000
00000000000000000000000000000000
00000000000000000000000000000000
00000000000000000000000000000000
00000000000000000000000000000000
00000000000000000000000000000000
00000000000000000000000000000000
00000000000000000000000000000000
00000000000000000000000000000000
00000000000000000000000000000000
00000000000000000000000000000000
00000000000000000000000000000000
00000000000000000000000000000000
00000000000000000000000000000000
00000000000000000000000000000000
00000000000000000000000000000000
00000000000000000000000000000000
00000000000000000000000000000000
00000000000000000000000000000000
00000000000000000000000000000000
00000000000000000000000000000000
00000000000000000000000000000000
00000000000000000000000000000000
00000000000000000000000000000000
00000000000000000000000000000000
00000000000000000000000000000000
00000000000000000000000000000000
00000000000000000000000000000000
00000000000000000000000000000000
00000000000000000000000000000000
00000000000000000000000000000000
00000000000000000000000000000000
00000000000000000000000000000000
00000000000000000000000000000000
00000000000000000000000000000000
00000000000000000000000000000000
00000000000000000000000000000000
00000000000000000000000000000000
00000000000000000000000000000000
00000000000000000000000000000000
00000000000000000000000000000000
00000000000000000000000000000000
00000000000000000000000000000000
00000000000000000000000000000000
00000000000000000000000000000000
00000000000000000000000000000000
00000000000000000000000000000000
00000000000000000000000000000000
00000000000000000000000000000000
00000000000000000000000000000000
00000000000000000000000000000000
00000000000000000000000000000000
00000000000000000000000000000000
00000000000000000000000000000000
00000000000000000000000000000000
00000000000000000000000000000000
00000000000000000000000000000000
00000000000000000000000000000000
00000000000000000000000000000000
00000000000000000000000000000000
00000000000000000000000000000000
00000000000000000000000000000000
00000000000000000000000000000000
00000000000000000000000000000000
00000000000000000000000000000000
00000000000000000000000000000000
00000000000000000000000000000000
00000000000000000000000000000000
00000000000000000000000000000000
00000000000000000000000000000000
00000000000000000000000000000000
