10001101000000110101011000011101
00001110011001001010001000000110
11010000001011111000101001011000
11010001100111000001001111000111
11111010001011110101011000010011
11111001100000011111000100100011
00010110111010100001010010011100
11100100111101001000100111100100
01011101100010101100101011000110
10010011100000101000011100110100
10001101111100110011111001100010
11111010001110011011101101110101
11110101000101110001000010000111
01101000100000101111101011000000
00000110111101111000001110010010
01010110111010110001111110010110
01000101011100001010110110011111
10100101011110110100111001001110
10010001000010110110001100100110
11000110011110110110010101010101
11011101101001011011001101010010
00111101011101101111001000101111
00010111001011100001001011100001
11101100110010111111001000010000
01011000001001001011101111000110
11101011100101000010111000000110
10010100010010111100010001111001
01001011011001001000110101010110
00010100101101111100000110001100
10001111101001111101111111100000
01101100001110011011110010001101
10001110000110101010110110110110
01011011110001010101010110001111
10101101010011101011100101101011
10110011111000101010110111010001
11100110000010010100111011001010
01000111101011011010010110100101
11000001100001100111001011010010
01011101000000101101010101000000
11111011101101101101011101111010
01110101010000101001010001001000
00110110100010011111100000111101
00101100001101111001100000111111
11000100110110011011011111110010
10100110100110110010011010001100
01000001010110001000011101101011
00110010101110111101110101100010
01000111010111000011100100011111
01001000110110001010101011000101
11010010101000101100100001011011
01111110111010000010111100010101
00110001010010011010000010100010
11101110100101111001010001101001
10001000011011010110001111111010
10101100001100101100011111010000
00010111110000110100110011100111
01100101010000010000000100101100
10110100010000100011101101110111
00101100000100001011000000100111
00010000011001101001110010001001
00111010011110011100001010011011
01110100001001001000010010111101
11110001000001011100111100110001
11100001010101011001100100101000
11111001000101011010011010100110
11101100100110001010011100101100
11110000000001000111110010010101
00001010101000000110011011011000
00100000000111100110010000001101
00000000011000100010101010000111
01000010110111110001011010010110
10101011010110110010101001010100
01100001001110111111111011011001
00100100110111010010110010100100
00001111000100010010111110001010
01111000000001100001000010010000
01101000111101101110000100100111
01001111110011010001110011110011
10101101011010001010010011101111
10110000001110001001011101111010
00111010010011110101010110111000
10100111110001011001010101100101
11100011101000001111101100101001
11011011000000101001000111101110
11010010011000100000001101111001
01100011100011101011101110110100
11011111110101100011011001110100
00111101110010111111001101100110
01111000010101111000010100001101
00001111010100011010100111001100
11000010011101000001110011010110
00110100011100000111110110101010
11111001001001100001111011101100
10111101011111001100100110001101
01000011110001110101110010101101
00011000000100100001110101011000
00011000101001111111010000001111
10010010011010100001011101011101
00010110100111011010000111110100
01110011011100010101101110001001
01010000110111011101100101100100
01000010010100000000001011100011
10011010111111010001110101010011
01101111010011110010101011101100
10111110001111111001010000010001
11010001001001000110101111011111
01011001000010010001100010111011
11011111000110101010101101000111
00011110100000001011010100011110
00111011011001110110010000001011
01111000010001000000000111101101
11000100000100100011101001110001
11000101001000101101010011000100
10110001111001101101100111111100
10000011101100110100000111011111
00010111110101000011101000001111
10100110100111110111101111110111
10000110000011011011101101010011
01011101000001001100100110001000
01110101111100111110111101111010
10011010010100110000100000001110
00110010011010101000110101001011
10110000110011010101111000101110
11110100101000011011110001111000
11101011001011111110101101101111
01110010111001001001011011111000
01011101011000101101110011111111
10100110111001010000001010101111
01000001110110111011100110010000
10011101111000000111010011001001
11111110011011101011011100001111
01011111011000111001111011001001
11100110001010110101110011010110
11001000011000100011010000100001
10000010011001011101101000001000
10010110100100000110001111100110
11000111001010111010110000011100
01101110011110010100010010011000
00110100110111110111010100100111
01011111011011011011010001101010
11101011100111001111001000101000
00001011001110010100001100111110
01010111011101001001000001011001
10010110110000000101000001101011
00110100010100101101010010101111
01101011011100010010010010000010
11001110001111011011111101100000
11101001110010110110000101111100
11001101001101111010010100110100
01101000101000001011000111111101
00101001001001000101111100011100
10100100011100001110000111001100
10100100010111110110001010111111
00000010011101101110010010001001
01101010111001101101011010101101
01100000001110000000101010010111
10101100000000000110000010100011
01010000000011000001010100101001
10101000110101101101111111111011
00100000011010011001100001110110
10001100111010010010100111000000
10110001110010110000011110011011
11110111011101100000110011101100
01101000111000010001110011100011
01000011000110011011110001010011
00100101111100111001011110110001
10101001001101110011011110111000
01111101000110101001001010000100
01000100011111011110011000111001
01110000111010011000110001001000
11011100101010111001011100100010
10001010001000010110001111111110
11101010010111111101010000101100
00001101001000101001011100011101
11010001010011101000101011000010
01010111101100111110110001010001
00001011100101010100111001001011
00011010000101110101010110010101
10110111000110100100110010100010
00111100100111111110111111010100
00010000000011111111110101000110
00101101100110011111001100101010
11011110000110010000110111100001
10101111100100111010101111000011
10100011000010100100110111111110
01001100111101100001010111010011
00010101111100010111101000001101
11101001011001011011110011110111
10110101001110011010011010001110
01100111000011000110111101011101
11101011110011000101100011010101
01100101010101100010101100101100
01000101000100111100101010010101
10110110110101100011000001011000
11100111010111110000111010001010
01100011000000001100110000010000
00000111111101100010111100111101
00111101100010110001111001111111
00001001010001010110110010000111
00000111110001100010010011010010
11110101011101111101001111001100
01101111100101101001010101111101
01111101100100010101100001001010
11101111010001011111010101000111
11101101010100010100100110100110
11101111010001001100011011100111
00010001110101000110010110010011
00011000101110010000010010110111
01001001101100011101100011101011
11000000100110100111000111010110
00100001111110010010100111000001
11110111001101010011111000001010
11011001100101100111110010001010
10010001001011110110110111001101
11011101010010011101110100000000
01100011111000101110101111110000
10100111010001001010111001001000
01110100101011001111000011001001
11110000001101100100011100011110
10111100111111110100111000100101
10000011111000111101000100111100
11111000111101000110010100011101
10100110110001100001001110110110
00000100001100110101011010011010
01001001010100100011010110000100
11001101000110110101010111100111
01110000001101111011001001000100
00001001011001101011111010110101
10111011100100010010100101100110
11001110100100110100010100110101
01110000010111010111100101010011
01110101011001110000010011001011
01000000011001010000111101010110
10000010110101101110101001101011
01101001001101010010011010001011
10000011100111000010111110001110
10000011000110000110110101010111
11100011000011010100001100101111
11001011101101001001101111110100
10011010100111001011000100011101
00110110100010011000011010111010
10011010010110010001110011000101
11000010101111111000000110001010
10011000101100101000011111111110
00000111011101000111010101000011
00010101101010001101111010100001
00011001000001000011100100110000
10101011000011011011011011010101
01001011100010111110110110010101
01110110001101001000011000001101
10111011011111100100011110100111
11011010111000100110100001010010
00011111110010011010000010000110
01010101111111010010010011001101
00001100110101000011111001111000
00111001101110101010001001101100
00000000000000000000000000000000
00000000000000000000000000000000
00000000000000000000000000000000
00000000000000000000000000000000
00000000000000000000000000000000
00000000000000000000000000000000
00000000000000000000000000000000
00000000000000000000000000000000
00000000000000000000000000000000
00000000000000000000000000000000
00000000000000000000000000000000
00000000000000000000000000000000
00000000000000000000000000000000
00000000000000000000000000000000
00000000000000000000000000000000
00000000000000000000000000000000
00000000000000000000000000000000
00000000000000000000000000000000
00000000000000000000000000000000
00000000000000000000000000000000
00000000000000000000000000000000
00000000000000000000000000000000
00000000000000000000000000000000
00000000000000000000000000000000
00000000000000000000000000000000
00000000000000000000000000000000
00000000000000000000000000000000
00000000000000000000000000000000
00000000000000000000000000000000
00000000000000000000000000000000
00000000000000000000000000000000
00000000000000000000000000000000
00000000000000000000000000000000
00000000000000000000000000000000
00000000000000000000000000000000
00000000000000000000000000000000
00000000000000000000000000000000
00000000000000000000000000000000
00000000000000000000000000000000
00000000000000000000000000000000
00000000000000000000000000000000
00000000000000000000000000000000
00000000000000000000000000000000
00000000000000000000000000000000
00000000000000000000000000000000
00000000000000000000000000000000
00000000000000000000000000000000
00000000000000000000000000000000
00000000000000000000000000000000
00000000000000000000000000000000
00000000000000000000000000000000
00000000000000000000000000000000
00000000000000000000000000000000
00000000000000000000000000000000
00000000000000000000000000000000
00000000000000000000000000000000
00000000000000000000000000000000
00000000000000000000000000000000
00000000000000000000000000000000
00000000000000000000000000000000
00000000000000000000000000000000
00000000000000000000000000000000
00000000000000000000000000000000
00000000000000000000000000000000
00000000000000000000000000000000
00000000000000000000000000000000
00000000000000000000000000000000
00000000000000000000000000000000
00000000000000000000000000000000
00000000000000000000000000000000
00000000000000000000000000000000
00000000000000000000000000000000
00000000000000000000000000000000
00000000000000000000000000000000
00000000000000000000000000000000
00000000000000000000000000000000
00000000000000000000000000000000
00000000000000000000000000000000
00000000000000000000000000000000
00000000000000000000000000000000
00000000000000000000000000000000
00000000000000000000000000000000
00000000000000000000000000000000
00000000000000000000000000000000
00000000000000000000000000000000
00000000000000000000000000000000
00000000000000000000000000000000
00000000000000000000000000000000
00000000000000000000000000000000
00000000000000000000000000000000
00000000000000000000000000000000
00000000000000000000000000000000
00000000000000000000000000000000
00000000000000000000000000000000
00000000000000000000000000000000
00000000000000000000000000000000
00000000000000000000000000000000
00000000000000000000000000000000
00000000000000000000000000000000
00000000000000000000000000000000
00000000000000000000000000000000
00000000000000000000000000000000
00000000000000000000000000000000
00000000000000000000000000000000
00000000000000000000000000000000
00000000000000000000000000000000
00000000000000000000000000000000
00000000000000000000000000000000
00000000000000000000000000000000
00000000000000000000000000000000
00000000000000000000000000000000
00000000000000000000000000000000
00000000000000000000000000000000
00000000000000000000000000000000
00000000000000000000000000000000
00000000000000000000000000000000
00000000000000000000000000000000
00000000000000000000000000000000
00000000000000000000000000000000
00000000000000000000000000000000
00000000000000000000000000000000
00000000000000000000000000000000
00000000000000000000000000000000
00000000000000000000000000000000
00000000000000000000000000000000
00000000000000000000000000000000
00000000000000000000000000000000
00000000000000000000000000000000
01001101110010011110011110011101
11000011011001000001110000111100
11010101010110101000000111010011
00100001100111000101000111001111
11001101100111110000010100101000
01001110100000011001000001010101
00101000000100001001000110101101
01010010110000110010110010010011
00010110011010100000010010110001
00100010110111010011111111011001
00111100011001010100111001000001
00010110101100001001100100011010
00010101010110101100001000011101
10001001010000001010011110100101
01011000010110000001100011101111
11101110010000010111011010001101
00011010001110101011011010111110
11111011001000110111111100101110
10111110011110011101110000101010
10000100110000001100111111010001
00110100000010111100011110101101
10111000011111011111010011110011
01001011011111000000010111000100
10000111000000000111101110001111
00001001101011011010110000010100
11111011110101100010101110010101
00100000000011011010011110110111
10111001011011111001010011001110
10001101100010011010011000011010
10110010100011110110100111010100
01001101011100100101001111000001
11011011100111100100110100011111
00011011011110011111111001100011
00100000010110011110100000010000
11001010010100110001010110011100
00100010110101010100110011000101
11011101100001001101011100010110
00010000001011010101001110011010
01001010000011100111101000111001
11000100111011010111001000110001
01111100000110000111100000110011
00101000010110000110010010100010
00101011110111111010100001001010
11001001000101100010110000001100
11010000110010110101100001111010
00010000011101011110000010010101
01010000011101010011111101001111
11011000001100111100110100101000
10100001100110001100101111111000
01011011111111000111011001010111
10011111100100100100010001011110
10101110110110110000101101010001
11110011110101101000001000001001
00011011001010001111110000000110
01011111101100000100101101100010
00010011101011000100001101010000
01011010100011110001010010010111
10111000110111100010101111101011
10110100010101101011010010111110
00101111000010001000000101000100
00101111000101001101101101100001
00110101101111101001101110010101
01101110010010101110000110011010
00010100110010001010010110011011
11000110010100100011010110101011
00101101111100000101101110100100
00001101001010010011001111010011
00111111011011110111011001111001
10000000110101110010001000111010
10110100010001101110011100011101
11001000100101111010110101111100
00011111111010110101000001100000
01011101110100001100000010100110
01011011011100101100000000001011
00000001010111000001100001110000
00000001100001100000111000100111
10011110110010000000110010101001
11011010100111111000010101111001
01101010111100000111010110100101
01001001110101110111101001110001
01010011011011000001000000101100
01111100101110011111011111101111
01000111011100111000001110000111
11100001011011100001110101111101
10000100101101011011011001101011
10101111111011111001100100010101
01000100110100000010010000100011
10001101101010000011110110000110
00001111011011101110111101111000
11100011001100000011100110001110
00010010011110011101110001101101
11011110001010011101101101001000
11000010000000111010100111010001
00010000101111110100101011110001
00110100101110101101100101101010
10110001011100101111110111010000
00101000001101001100100011110111
00110010110011010011111110000100
11110011001000000000000100111100
11001110111111100110111101001110
11111110111011000001111000001011
00000100100101110100010010100011
10010100000101110100010010111011
10011100100011011100100110011000
11000011101001000001101101011010
00101001111000101111110000011010
10010000101111011110110001010110
00100011001000010000010110100010
10101000111010011001000110100111
00010101111010100000001111100011
00100101100110100111101010111101
11110011001001100011110000100101
01101111001011100100010111010011
01111100101011000110111001110111
01111010010110101100110100001111
01000000010110011100001101011110
10010100010011100110011110101110
11100101110100010101111101110011
11110011001001101010000101101000
10000101111111110010001010110111
00110110100000011101011110011001
01010010110010001110101110110110
11001100001011111000101110010010
01101010010111010111110110101101
11101011010011101100001100001111
10100001111011010011000001010011
11000101111010000100101001100100
11000110010110110101100000110101
